Gene	Consequencia	Significancia_Clinica	rs_key	UniProt_ID	rsID_dbSNP	Proteina_Mudanca	AlphaMissense_Score	AlphaMissense_Classificacao	ID_UniProt	Nome_Proteina	Organismo	Status	Link_AlphaFold
IL1F10	missense_variant	likely benign	1037205330						Q8WWZ1	Interleukin-1 family member 10	Homo sapiens	Encontrado	https://alphafold.ebi.ac.uk/entry/Q8WWZ1
IL1F10	missense_variant		1048080242						Q8WWZ1	Interleukin-1 family member 10	Homo sapiens	Encontrado	https://alphafold.ebi.ac.uk/entry/Q8WWZ1
IL1F10	missense_variant		1052643083						Q8WWZ1	Interleukin-1 family member 10	Homo sapiens	Encontrado	https://alphafold.ebi.ac.uk/entry/Q8WWZ1
IL1F10	missense_variant		1157957247						Q8WWZ1	Interleukin-1 family member 10	Homo sapiens	Encontrado	https://alphafold.ebi.ac.uk/entry/Q8WWZ1
IL1F10	missense_variant		1161146591						Q8WWZ1	Interleukin-1 family member 10	Homo sapiens	Encontrado	https://alphafold.ebi.ac.uk/entry/Q8WWZ1
IL1F10	missense_variant		1187770956						Q8WWZ1	Interleukin-1 family member 10	Homo sapiens	Encontrado	https://alphafold.ebi.ac.uk/entry/Q8WWZ1
IL1F10	missense_variant		1209766227						Q8WWZ1	Interleukin-1 family member 10	Homo sapiens	Encontrado	https://alphafold.ebi.ac.uk/entry/Q8WWZ1
IL1F10	missense_variant	uncertain significance	1215844482	Q8WWZ1	rs1215844482	L45F	0.999		Q8WWZ1	Interleukin-1 family member 10	Homo sapiens	Encontrado	https://alphafold.ebi.ac.uk/entry/Q8WWZ1
IL1F10	missense_variant	uncertain significance	1215844482	Q8WWZ1	rs1215844482	L45F	0.01		Q8WWZ1	Interleukin-1 family member 10	Homo sapiens	Encontrado	https://alphafold.ebi.ac.uk/entry/Q8WWZ1
IL1F10	missense_variant		1228723745						Q8WWZ1	Interleukin-1 family member 10	Homo sapiens	Encontrado	https://alphafold.ebi.ac.uk/entry/Q8WWZ1
IL1F10	missense_variant		1247155381						Q8WWZ1	Interleukin-1 family member 10	Homo sapiens	Encontrado	https://alphafold.ebi.ac.uk/entry/Q8WWZ1
IL1F10	missense_variant		1260653491						Q8WWZ1	Interleukin-1 family member 10	Homo sapiens	Encontrado	https://alphafold.ebi.ac.uk/entry/Q8WWZ1
IL1F10	missense_variant		1261382189						Q8WWZ1	Interleukin-1 family member 10	Homo sapiens	Encontrado	https://alphafold.ebi.ac.uk/entry/Q8WWZ1
IL1F10	missense_variant		1263416793						Q8WWZ1	Interleukin-1 family member 10	Homo sapiens	Encontrado	https://alphafold.ebi.ac.uk/entry/Q8WWZ1
IL1F10	missense_variant	uncertain significance	1265288483	Q8WWZ1	rs1265288483	Y147C	0.998		Q8WWZ1	Interleukin-1 family member 10	Homo sapiens	Encontrado	https://alphafold.ebi.ac.uk/entry/Q8WWZ1
IL1F10	missense_variant	uncertain significance	1265288483	Q8WWZ1	rs1265288483	Y147C	0.0		Q8WWZ1	Interleukin-1 family member 10	Homo sapiens	Encontrado	https://alphafold.ebi.ac.uk/entry/Q8WWZ1
IL1F10	missense_variant		1288553577						Q8WWZ1	Interleukin-1 family member 10	Homo sapiens	Encontrado	https://alphafold.ebi.ac.uk/entry/Q8WWZ1
IL1F10	missense_variant		1295855236						Q8WWZ1	Interleukin-1 family member 10	Homo sapiens	Encontrado	https://alphafold.ebi.ac.uk/entry/Q8WWZ1
IL1F10	missense_variant		1313307281						Q8WWZ1	Interleukin-1 family member 10	Homo sapiens	Encontrado	https://alphafold.ebi.ac.uk/entry/Q8WWZ1
IL1F10	missense_variant		1320417651						Q8WWZ1	Interleukin-1 family member 10	Homo sapiens	Encontrado	https://alphafold.ebi.ac.uk/entry/Q8WWZ1
IL1F10	missense_variant		1331408658						Q8WWZ1	Interleukin-1 family member 10	Homo sapiens	Encontrado	https://alphafold.ebi.ac.uk/entry/Q8WWZ1
IL1F10	missense_variant		1337537585						Q8WWZ1	Interleukin-1 family member 10	Homo sapiens	Encontrado	https://alphafold.ebi.ac.uk/entry/Q8WWZ1
IL1F10	missense_variant	uncertain significance	1343710968						Q8WWZ1	Interleukin-1 family member 10	Homo sapiens	Encontrado	https://alphafold.ebi.ac.uk/entry/Q8WWZ1
IL1F10	missense_variant		1344772688						Q8WWZ1	Interleukin-1 family member 10	Homo sapiens	Encontrado	https://alphafold.ebi.ac.uk/entry/Q8WWZ1
IL1F10	missense_variant		1352400760						Q8WWZ1	Interleukin-1 family member 10	Homo sapiens	Encontrado	https://alphafold.ebi.ac.uk/entry/Q8WWZ1
IL1F10	missense_variant		1362755182						Q8WWZ1	Interleukin-1 family member 10	Homo sapiens	Encontrado	https://alphafold.ebi.ac.uk/entry/Q8WWZ1
IL1F10	missense_variant		1363911783						Q8WWZ1	Interleukin-1 family member 10	Homo sapiens	Encontrado	https://alphafold.ebi.ac.uk/entry/Q8WWZ1
IL1F10	missense_variant		1364342373						Q8WWZ1	Interleukin-1 family member 10	Homo sapiens	Encontrado	https://alphafold.ebi.ac.uk/entry/Q8WWZ1
IL1F10	missense_variant		1366367422	Q8WWZ1	rs1366367422	S78F	0.138		Q8WWZ1	Interleukin-1 family member 10	Homo sapiens	Encontrado	https://alphafold.ebi.ac.uk/entry/Q8WWZ1
IL1F10	missense_variant		1366367422	Q8WWZ1	rs1366367422	S78F	0.05		Q8WWZ1	Interleukin-1 family member 10	Homo sapiens	Encontrado	https://alphafold.ebi.ac.uk/entry/Q8WWZ1
IL1F10	missense_variant		1367790457						Q8WWZ1	Interleukin-1 family member 10	Homo sapiens	Encontrado	https://alphafold.ebi.ac.uk/entry/Q8WWZ1
IL1F10	missense_variant		1368604719						Q8WWZ1	Interleukin-1 family member 10	Homo sapiens	Encontrado	https://alphafold.ebi.ac.uk/entry/Q8WWZ1
IL1F10	missense_variant		1373904199						Q8WWZ1	Interleukin-1 family member 10	Homo sapiens	Encontrado	https://alphafold.ebi.ac.uk/entry/Q8WWZ1
IL1F10	missense_variant		1380770622						Q8WWZ1	Interleukin-1 family member 10	Homo sapiens	Encontrado	https://alphafold.ebi.ac.uk/entry/Q8WWZ1
IL1F10	missense_variant		1380958671						Q8WWZ1	Interleukin-1 family member 10	Homo sapiens	Encontrado	https://alphafold.ebi.ac.uk/entry/Q8WWZ1
IL1F10	missense_variant		1388016314						Q8WWZ1	Interleukin-1 family member 10	Homo sapiens	Encontrado	https://alphafold.ebi.ac.uk/entry/Q8WWZ1
IL1F10	missense_variant		138974369						Q8WWZ1	Interleukin-1 family member 10	Homo sapiens	Encontrado	https://alphafold.ebi.ac.uk/entry/Q8WWZ1
IL1F10	missense_variant		1393975660						Q8WWZ1	Interleukin-1 family member 10	Homo sapiens	Encontrado	https://alphafold.ebi.ac.uk/entry/Q8WWZ1
IL1F10	missense_variant		140273950						Q8WWZ1	Interleukin-1 family member 10	Homo sapiens	Encontrado	https://alphafold.ebi.ac.uk/entry/Q8WWZ1
IL1F10	missense_variant		1405588416						Q8WWZ1	Interleukin-1 family member 10	Homo sapiens	Encontrado	https://alphafold.ebi.ac.uk/entry/Q8WWZ1
IL1F10	missense_variant		140754412	Q8WWZ1	rs140754412	A109T	0.033		Q8WWZ1	Interleukin-1 family member 10	Homo sapiens	Encontrado	https://alphafold.ebi.ac.uk/entry/Q8WWZ1
IL1F10	missense_variant		140754412	Q8WWZ1	rs140754412	A109T	0.67		Q8WWZ1	Interleukin-1 family member 10	Homo sapiens	Encontrado	https://alphafold.ebi.ac.uk/entry/Q8WWZ1
IL1F10	missense_variant		141551428						Q8WWZ1	Interleukin-1 family member 10	Homo sapiens	Encontrado	https://alphafold.ebi.ac.uk/entry/Q8WWZ1
IL1F10	missense_variant		1421987608						Q8WWZ1	Interleukin-1 family member 10	Homo sapiens	Encontrado	https://alphafold.ebi.ac.uk/entry/Q8WWZ1
IL1F10	missense_variant	uncertain significance	142851873	Q8WWZ1	rs142851873	R52H	0.868		Q8WWZ1	Interleukin-1 family member 10	Homo sapiens	Encontrado	https://alphafold.ebi.ac.uk/entry/Q8WWZ1
IL1F10	missense_variant	uncertain significance	142851873	Q8WWZ1	rs142851873	R52H	0.29		Q8WWZ1	Interleukin-1 family member 10	Homo sapiens	Encontrado	https://alphafold.ebi.ac.uk/entry/Q8WWZ1
IL1F10	missense_variant		1442875844						Q8WWZ1	Interleukin-1 family member 10	Homo sapiens	Encontrado	https://alphafold.ebi.ac.uk/entry/Q8WWZ1
IL1F10	missense_variant		1444574039						Q8WWZ1	Interleukin-1 family member 10	Homo sapiens	Encontrado	https://alphafold.ebi.ac.uk/entry/Q8WWZ1
IL1F10	missense_variant		1444910055						Q8WWZ1	Interleukin-1 family member 10	Homo sapiens	Encontrado	https://alphafold.ebi.ac.uk/entry/Q8WWZ1
IL1F10	missense_variant		145244749						Q8WWZ1	Interleukin-1 family member 10	Homo sapiens	Encontrado	https://alphafold.ebi.ac.uk/entry/Q8WWZ1
IL1F10	missense_variant		1461946620	Q8WWZ1	rs1461946620	A39V	0.195		Q8WWZ1	Interleukin-1 family member 10	Homo sapiens	Encontrado	https://alphafold.ebi.ac.uk/entry/Q8WWZ1
IL1F10	missense_variant		1461946620	Q8WWZ1	rs1461946620	A39V	0.17		Q8WWZ1	Interleukin-1 family member 10	Homo sapiens	Encontrado	https://alphafold.ebi.ac.uk/entry/Q8WWZ1
IL1F10	missense_variant		1464268639	Q8WWZ1	rs1464268639	G64E	1.0		Q8WWZ1	Interleukin-1 family member 10	Homo sapiens	Encontrado	https://alphafold.ebi.ac.uk/entry/Q8WWZ1
IL1F10	missense_variant		1464268639	Q8WWZ1	rs1464268639	G64E	0.0		Q8WWZ1	Interleukin-1 family member 10	Homo sapiens	Encontrado	https://alphafold.ebi.ac.uk/entry/Q8WWZ1
IL1F10	missense_variant		146878378						Q8WWZ1	Interleukin-1 family member 10	Homo sapiens	Encontrado	https://alphafold.ebi.ac.uk/entry/Q8WWZ1
IL1F10	missense_variant		147026346						Q8WWZ1	Interleukin-1 family member 10	Homo sapiens	Encontrado	https://alphafold.ebi.ac.uk/entry/Q8WWZ1
IL1F10	missense_variant		1472680245						Q8WWZ1	Interleukin-1 family member 10	Homo sapiens	Encontrado	https://alphafold.ebi.ac.uk/entry/Q8WWZ1
IL1F10	missense_variant		147638669						Q8WWZ1	Interleukin-1 family member 10	Homo sapiens	Encontrado	https://alphafold.ebi.ac.uk/entry/Q8WWZ1
IL1F10	missense_variant		1573249460						Q8WWZ1	Interleukin-1 family member 10	Homo sapiens	Encontrado	https://alphafold.ebi.ac.uk/entry/Q8WWZ1
IL1F10	missense_variant		1573249905						Q8WWZ1	Interleukin-1 family member 10	Homo sapiens	Encontrado	https://alphafold.ebi.ac.uk/entry/Q8WWZ1
IL1F10	missense_variant		1573250039						Q8WWZ1	Interleukin-1 family member 10	Homo sapiens	Encontrado	https://alphafold.ebi.ac.uk/entry/Q8WWZ1
IL1F10	missense_variant		1573250077						Q8WWZ1	Interleukin-1 family member 10	Homo sapiens	Encontrado	https://alphafold.ebi.ac.uk/entry/Q8WWZ1
IL1F10	missense_variant		1573250152						Q8WWZ1	Interleukin-1 family member 10	Homo sapiens	Encontrado	https://alphafold.ebi.ac.uk/entry/Q8WWZ1
IL1F10	missense_variant		1685861370						Q8WWZ1	Interleukin-1 family member 10	Homo sapiens	Encontrado	https://alphafold.ebi.ac.uk/entry/Q8WWZ1
IL1F10	missense_variant		1685861530						Q8WWZ1	Interleukin-1 family member 10	Homo sapiens	Encontrado	https://alphafold.ebi.ac.uk/entry/Q8WWZ1
IL1F10	missense_variant		1685894880						Q8WWZ1	Interleukin-1 family member 10	Homo sapiens	Encontrado	https://alphafold.ebi.ac.uk/entry/Q8WWZ1
IL1F10	missense_variant		1685896254						Q8WWZ1	Interleukin-1 family member 10	Homo sapiens	Encontrado	https://alphafold.ebi.ac.uk/entry/Q8WWZ1
IL1F10	missense_variant		1685896336						Q8WWZ1	Interleukin-1 family member 10	Homo sapiens	Encontrado	https://alphafold.ebi.ac.uk/entry/Q8WWZ1
IL1F10	missense_variant		1685896776						Q8WWZ1	Interleukin-1 family member 10	Homo sapiens	Encontrado	https://alphafold.ebi.ac.uk/entry/Q8WWZ1
IL1F10	missense_variant		1685896968						Q8WWZ1	Interleukin-1 family member 10	Homo sapiens	Encontrado	https://alphafold.ebi.ac.uk/entry/Q8WWZ1
IL1F10	missense_variant		1685905379						Q8WWZ1	Interleukin-1 family member 10	Homo sapiens	Encontrado	https://alphafold.ebi.ac.uk/entry/Q8WWZ1
IL1F10	missense_variant		1685906097						Q8WWZ1	Interleukin-1 family member 10	Homo sapiens	Encontrado	https://alphafold.ebi.ac.uk/entry/Q8WWZ1
IL1F10	missense_variant		1685906793						Q8WWZ1	Interleukin-1 family member 10	Homo sapiens	Encontrado	https://alphafold.ebi.ac.uk/entry/Q8WWZ1
IL1F10	missense_variant		1685906940						Q8WWZ1	Interleukin-1 family member 10	Homo sapiens	Encontrado	https://alphafold.ebi.ac.uk/entry/Q8WWZ1
IL1F10	missense_variant		1685909008						Q8WWZ1	Interleukin-1 family member 10	Homo sapiens	Encontrado	https://alphafold.ebi.ac.uk/entry/Q8WWZ1
IL1F10	missense_variant		1685914634						Q8WWZ1	Interleukin-1 family member 10	Homo sapiens	Encontrado	https://alphafold.ebi.ac.uk/entry/Q8WWZ1
IL1F10	missense_variant		1685914949						Q8WWZ1	Interleukin-1 family member 10	Homo sapiens	Encontrado	https://alphafold.ebi.ac.uk/entry/Q8WWZ1
IL1F10	missense_variant		1685916083						Q8WWZ1	Interleukin-1 family member 10	Homo sapiens	Encontrado	https://alphafold.ebi.ac.uk/entry/Q8WWZ1
IL1F10	missense_variant		1685916214						Q8WWZ1	Interleukin-1 family member 10	Homo sapiens	Encontrado	https://alphafold.ebi.ac.uk/entry/Q8WWZ1
IL1F10	missense_variant		1685916952						Q8WWZ1	Interleukin-1 family member 10	Homo sapiens	Encontrado	https://alphafold.ebi.ac.uk/entry/Q8WWZ1
IL1F10	missense_variant		1685917744						Q8WWZ1	Interleukin-1 family member 10	Homo sapiens	Encontrado	https://alphafold.ebi.ac.uk/entry/Q8WWZ1
IL1F10	missense_variant		1685918228						Q8WWZ1	Interleukin-1 family member 10	Homo sapiens	Encontrado	https://alphafold.ebi.ac.uk/entry/Q8WWZ1
IL1F10	missense_variant		1685918909						Q8WWZ1	Interleukin-1 family member 10	Homo sapiens	Encontrado	https://alphafold.ebi.ac.uk/entry/Q8WWZ1
IL1F10	missense_variant		1685919115						Q8WWZ1	Interleukin-1 family member 10	Homo sapiens	Encontrado	https://alphafold.ebi.ac.uk/entry/Q8WWZ1
IL1F10	missense_variant		1685919719						Q8WWZ1	Interleukin-1 family member 10	Homo sapiens	Encontrado	https://alphafold.ebi.ac.uk/entry/Q8WWZ1
IL1F10	missense_variant		1685920204						Q8WWZ1	Interleukin-1 family member 10	Homo sapiens	Encontrado	https://alphafold.ebi.ac.uk/entry/Q8WWZ1
IL1F10	missense_variant		1685921453						Q8WWZ1	Interleukin-1 family member 10	Homo sapiens	Encontrado	https://alphafold.ebi.ac.uk/entry/Q8WWZ1
IL1F10	missense_variant		1685922633						Q8WWZ1	Interleukin-1 family member 10	Homo sapiens	Encontrado	https://alphafold.ebi.ac.uk/entry/Q8WWZ1
IL1F10	missense_variant		191149949						Q8WWZ1	Interleukin-1 family member 10	Homo sapiens	Encontrado	https://alphafold.ebi.ac.uk/entry/Q8WWZ1
IL1F10	missense_variant		201050906						Q8WWZ1	Interleukin-1 family member 10	Homo sapiens	Encontrado	https://alphafold.ebi.ac.uk/entry/Q8WWZ1
IL1F10	missense_variant	uncertain significance	201389496	Q8WWZ1	rs201389496	D31N	0.511		Q8WWZ1	Interleukin-1 family member 10	Homo sapiens	Encontrado	https://alphafold.ebi.ac.uk/entry/Q8WWZ1
IL1F10	missense_variant	uncertain significance	201389496	Q8WWZ1	rs201389496	D31N	0.78		Q8WWZ1	Interleukin-1 family member 10	Homo sapiens	Encontrado	https://alphafold.ebi.ac.uk/entry/Q8WWZ1
IL1F10	missense_variant		2105077975						Q8WWZ1	Interleukin-1 family member 10	Homo sapiens	Encontrado	https://alphafold.ebi.ac.uk/entry/Q8WWZ1
IL1F10	missense_variant		2105079803						Q8WWZ1	Interleukin-1 family member 10	Homo sapiens	Encontrado	https://alphafold.ebi.ac.uk/entry/Q8WWZ1
IL1F10	missense_variant		2105079846						Q8WWZ1	Interleukin-1 family member 10	Homo sapiens	Encontrado	https://alphafold.ebi.ac.uk/entry/Q8WWZ1
IL1F10	missense_variant	likely benign	34320972						Q8WWZ1	Interleukin-1 family member 10	Homo sapiens	Encontrado	https://alphafold.ebi.ac.uk/entry/Q8WWZ1
IL1F10	missense_variant	uncertain significance	371158051						Q8WWZ1	Interleukin-1 family member 10	Homo sapiens	Encontrado	https://alphafold.ebi.ac.uk/entry/Q8WWZ1
IL1F10	missense_variant		376639082						Q8WWZ1	Interleukin-1 family member 10	Homo sapiens	Encontrado	https://alphafold.ebi.ac.uk/entry/Q8WWZ1
IL1F10	missense_variant		3811058						Q8WWZ1	Interleukin-1 family member 10	Homo sapiens	Encontrado	https://alphafold.ebi.ac.uk/entry/Q8WWZ1
IL1F10	missense_variant		537829080						Q8WWZ1	Interleukin-1 family member 10	Homo sapiens	Encontrado	https://alphafold.ebi.ac.uk/entry/Q8WWZ1
IL1F10	missense_variant	uncertain significance	542845382	Q8WWZ1	rs542845382	R98H	0.998		Q8WWZ1	Interleukin-1 family member 10	Homo sapiens	Encontrado	https://alphafold.ebi.ac.uk/entry/Q8WWZ1
IL1F10	missense_variant	uncertain significance	542845382	Q8WWZ1	rs542845382	R98H	0.06		Q8WWZ1	Interleukin-1 family member 10	Homo sapiens	Encontrado	https://alphafold.ebi.ac.uk/entry/Q8WWZ1
IL1F10	missense_variant	uncertain significance	560179853	Q8WWZ1	rs560179853	T97R	0.998		Q8WWZ1	Interleukin-1 family member 10	Homo sapiens	Encontrado	https://alphafold.ebi.ac.uk/entry/Q8WWZ1
IL1F10	missense_variant	uncertain significance	560179853	Q8WWZ1	rs560179853	T97R	0.04		Q8WWZ1	Interleukin-1 family member 10	Homo sapiens	Encontrado	https://alphafold.ebi.ac.uk/entry/Q8WWZ1
IL1F10	missense_variant		6743376						Q8WWZ1	Interleukin-1 family member 10	Homo sapiens	Encontrado	https://alphafold.ebi.ac.uk/entry/Q8WWZ1
IL1F10	missense_variant		6761276						Q8WWZ1	Interleukin-1 family member 10	Homo sapiens	Encontrado	https://alphafold.ebi.ac.uk/entry/Q8WWZ1
IL1F10	missense_variant		72827872						Q8WWZ1	Interleukin-1 family member 10	Homo sapiens	Encontrado	https://alphafold.ebi.ac.uk/entry/Q8WWZ1
IL1F10	missense_variant		745836847						Q8WWZ1	Interleukin-1 family member 10	Homo sapiens	Encontrado	https://alphafold.ebi.ac.uk/entry/Q8WWZ1
IL1F10	missense_variant	likely benign	746331319	Q8WWZ1	rs746331319	R66C	0.007		Q8WWZ1	Interleukin-1 family member 10	Homo sapiens	Encontrado	https://alphafold.ebi.ac.uk/entry/Q8WWZ1
IL1F10	missense_variant	likely benign	746331319	Q8WWZ1	rs746331319	R66C	0.06		Q8WWZ1	Interleukin-1 family member 10	Homo sapiens	Encontrado	https://alphafold.ebi.ac.uk/entry/Q8WWZ1
IL1F10	missense_variant		746995278						Q8WWZ1	Interleukin-1 family member 10	Homo sapiens	Encontrado	https://alphafold.ebi.ac.uk/entry/Q8WWZ1
IL1F10	missense_variant		747481457						Q8WWZ1	Interleukin-1 family member 10	Homo sapiens	Encontrado	https://alphafold.ebi.ac.uk/entry/Q8WWZ1
IL1F10	missense_variant		748772821						Q8WWZ1	Interleukin-1 family member 10	Homo sapiens	Encontrado	https://alphafold.ebi.ac.uk/entry/Q8WWZ1
IL1F10	missense_variant		748868234						Q8WWZ1	Interleukin-1 family member 10	Homo sapiens	Encontrado	https://alphafold.ebi.ac.uk/entry/Q8WWZ1
IL1F10	missense_variant		749138258						Q8WWZ1	Interleukin-1 family member 10	Homo sapiens	Encontrado	https://alphafold.ebi.ac.uk/entry/Q8WWZ1
IL1F10	missense_variant		750619017						Q8WWZ1	Interleukin-1 family member 10	Homo sapiens	Encontrado	https://alphafold.ebi.ac.uk/entry/Q8WWZ1
IL1F10	missense_variant	uncertain significance	751975083						Q8WWZ1	Interleukin-1 family member 10	Homo sapiens	Encontrado	https://alphafold.ebi.ac.uk/entry/Q8WWZ1
IL1F10	missense_variant		752877765						Q8WWZ1	Interleukin-1 family member 10	Homo sapiens	Encontrado	https://alphafold.ebi.ac.uk/entry/Q8WWZ1
IL1F10	missense_variant		754197219						Q8WWZ1	Interleukin-1 family member 10	Homo sapiens	Encontrado	https://alphafold.ebi.ac.uk/entry/Q8WWZ1
IL1F10	missense_variant		754980116						Q8WWZ1	Interleukin-1 family member 10	Homo sapiens	Encontrado	https://alphafold.ebi.ac.uk/entry/Q8WWZ1
IL1F10	missense_variant		756742319						Q8WWZ1	Interleukin-1 family member 10	Homo sapiens	Encontrado	https://alphafold.ebi.ac.uk/entry/Q8WWZ1
IL1F10	missense_variant		758085719						Q8WWZ1	Interleukin-1 family member 10	Homo sapiens	Encontrado	https://alphafold.ebi.ac.uk/entry/Q8WWZ1
IL1F10	missense_variant		759284855						Q8WWZ1	Interleukin-1 family member 10	Homo sapiens	Encontrado	https://alphafold.ebi.ac.uk/entry/Q8WWZ1
IL1F10	missense_variant		760687262						Q8WWZ1	Interleukin-1 family member 10	Homo sapiens	Encontrado	https://alphafold.ebi.ac.uk/entry/Q8WWZ1
IL1F10	missense_variant	uncertain significance	760744538						Q8WWZ1	Interleukin-1 family member 10	Homo sapiens	Encontrado	https://alphafold.ebi.ac.uk/entry/Q8WWZ1
IL1F10	missense_variant		760833826						Q8WWZ1	Interleukin-1 family member 10	Homo sapiens	Encontrado	https://alphafold.ebi.ac.uk/entry/Q8WWZ1
IL1F10	missense_variant	uncertain significance	761452549	Q8WWZ1	rs761452549	V55I	0.005		Q8WWZ1	Interleukin-1 family member 10	Homo sapiens	Encontrado	https://alphafold.ebi.ac.uk/entry/Q8WWZ1
IL1F10	missense_variant	uncertain significance	761452549	Q8WWZ1	rs761452549	V55I	0.24		Q8WWZ1	Interleukin-1 family member 10	Homo sapiens	Encontrado	https://alphafold.ebi.ac.uk/entry/Q8WWZ1
IL1F10	missense_variant		761890626						Q8WWZ1	Interleukin-1 family member 10	Homo sapiens	Encontrado	https://alphafold.ebi.ac.uk/entry/Q8WWZ1
IL1F10	missense_variant		764152714	Q8WWZ1	rs764152714	P125L	0.705		Q8WWZ1	Interleukin-1 family member 10	Homo sapiens	Encontrado	https://alphafold.ebi.ac.uk/entry/Q8WWZ1
IL1F10	missense_variant		764152714	Q8WWZ1	rs764152714	P125L	0.05		Q8WWZ1	Interleukin-1 family member 10	Homo sapiens	Encontrado	https://alphafold.ebi.ac.uk/entry/Q8WWZ1
IL1F10	missense_variant		764239995						Q8WWZ1	Interleukin-1 family member 10	Homo sapiens	Encontrado	https://alphafold.ebi.ac.uk/entry/Q8WWZ1
IL1F10	missense_variant		764932129						Q8WWZ1	Interleukin-1 family member 10	Homo sapiens	Encontrado	https://alphafold.ebi.ac.uk/entry/Q8WWZ1
IL1F10	missense_variant		765267198						Q8WWZ1	Interleukin-1 family member 10	Homo sapiens	Encontrado	https://alphafold.ebi.ac.uk/entry/Q8WWZ1
IL1F10	missense_variant		766053561						Q8WWZ1	Interleukin-1 family member 10	Homo sapiens	Encontrado	https://alphafold.ebi.ac.uk/entry/Q8WWZ1
IL1F10	missense_variant		766215684						Q8WWZ1	Interleukin-1 family member 10	Homo sapiens	Encontrado	https://alphafold.ebi.ac.uk/entry/Q8WWZ1
IL1F10	missense_variant		768831091						Q8WWZ1	Interleukin-1 family member 10	Homo sapiens	Encontrado	https://alphafold.ebi.ac.uk/entry/Q8WWZ1
IL1F10	missense_variant		770351924						Q8WWZ1	Interleukin-1 family member 10	Homo sapiens	Encontrado	https://alphafold.ebi.ac.uk/entry/Q8WWZ1
IL1F10	missense_variant		770673479						Q8WWZ1	Interleukin-1 family member 10	Homo sapiens	Encontrado	https://alphafold.ebi.ac.uk/entry/Q8WWZ1
IL1F10	missense_variant	uncertain significance	771331743	Q8WWZ1	rs771331743	R52C	0.868		Q8WWZ1	Interleukin-1 family member 10	Homo sapiens	Encontrado	https://alphafold.ebi.ac.uk/entry/Q8WWZ1
IL1F10	missense_variant	uncertain significance	771331743	Q8WWZ1	rs771331743	R52C	0.01		Q8WWZ1	Interleukin-1 family member 10	Homo sapiens	Encontrado	https://alphafold.ebi.ac.uk/entry/Q8WWZ1
IL1F10	missense_variant		772094821						Q8WWZ1	Interleukin-1 family member 10	Homo sapiens	Encontrado	https://alphafold.ebi.ac.uk/entry/Q8WWZ1
IL1F10	missense_variant		772687265						Q8WWZ1	Interleukin-1 family member 10	Homo sapiens	Encontrado	https://alphafold.ebi.ac.uk/entry/Q8WWZ1
IL1F10	missense_variant		773698518						Q8WWZ1	Interleukin-1 family member 10	Homo sapiens	Encontrado	https://alphafold.ebi.ac.uk/entry/Q8WWZ1
IL1F10	missense_variant		774451937	Q8WWZ1	rs774451937	S3F	0.991		Q8WWZ1	Interleukin-1 family member 10	Homo sapiens	Encontrado	https://alphafold.ebi.ac.uk/entry/Q8WWZ1
IL1F10	missense_variant		774451937	Q8WWZ1	rs774451937	S3F	0.01		Q8WWZ1	Interleukin-1 family member 10	Homo sapiens	Encontrado	https://alphafold.ebi.ac.uk/entry/Q8WWZ1
IL1F10	missense_variant		774829810						Q8WWZ1	Interleukin-1 family member 10	Homo sapiens	Encontrado	https://alphafold.ebi.ac.uk/entry/Q8WWZ1
IL1F10	missense_variant	uncertain significance	775485129	Q8WWZ1	rs775485129	C37Y	0.0		Q8WWZ1	Interleukin-1 family member 10	Homo sapiens	Encontrado	https://alphafold.ebi.ac.uk/entry/Q8WWZ1
IL1F10	missense_variant	uncertain significance	775485129	Q8WWZ1	rs775485129	C37Y	0.08		Q8WWZ1	Interleukin-1 family member 10	Homo sapiens	Encontrado	https://alphafold.ebi.ac.uk/entry/Q8WWZ1
IL1F10	missense_variant		776109569	Q8WWZ1	rs776109569	R66H	0.817		Q8WWZ1	Interleukin-1 family member 10	Homo sapiens	Encontrado	https://alphafold.ebi.ac.uk/entry/Q8WWZ1
IL1F10	missense_variant		776109569	Q8WWZ1	rs776109569	R66H	0.0		Q8WWZ1	Interleukin-1 family member 10	Homo sapiens	Encontrado	https://alphafold.ebi.ac.uk/entry/Q8WWZ1
IL1F10	missense_variant		777133739						Q8WWZ1	Interleukin-1 family member 10	Homo sapiens	Encontrado	https://alphafold.ebi.ac.uk/entry/Q8WWZ1
IL1F10	missense_variant		778073680						Q8WWZ1	Interleukin-1 family member 10	Homo sapiens	Encontrado	https://alphafold.ebi.ac.uk/entry/Q8WWZ1
IL1F10	missense_variant		778336458						Q8WWZ1	Interleukin-1 family member 10	Homo sapiens	Encontrado	https://alphafold.ebi.ac.uk/entry/Q8WWZ1
IL1F10	missense_variant		779785182						Q8WWZ1	Interleukin-1 family member 10	Homo sapiens	Encontrado	https://alphafold.ebi.ac.uk/entry/Q8WWZ1
IL1F10	missense_variant		780390899						Q8WWZ1	Interleukin-1 family member 10	Homo sapiens	Encontrado	https://alphafold.ebi.ac.uk/entry/Q8WWZ1
IL1F10	missense_variant		781466828						Q8WWZ1	Interleukin-1 family member 10	Homo sapiens	Encontrado	https://alphafold.ebi.ac.uk/entry/Q8WWZ1
IL1F10	missense_variant		866046706						Q8WWZ1	Interleukin-1 family member 10	Homo sapiens	Encontrado	https://alphafold.ebi.ac.uk/entry/Q8WWZ1
IL1F10	missense_variant		866338794						Q8WWZ1	Interleukin-1 family member 10	Homo sapiens	Encontrado	https://alphafold.ebi.ac.uk/entry/Q8WWZ1
IL1F10	missense_variant		868746070						Q8WWZ1	Interleukin-1 family member 10	Homo sapiens	Encontrado	https://alphafold.ebi.ac.uk/entry/Q8WWZ1
IL1F10	missense_variant		909545130	Q8WWZ1	rs909545130	A114T	0.423		Q8WWZ1	Interleukin-1 family member 10	Homo sapiens	Encontrado	https://alphafold.ebi.ac.uk/entry/Q8WWZ1
IL1F10	missense_variant		909545130	Q8WWZ1	rs909545130	A114T	0.01		Q8WWZ1	Interleukin-1 family member 10	Homo sapiens	Encontrado	https://alphafold.ebi.ac.uk/entry/Q8WWZ1
IL1F10	missense_variant		919752517						Q8WWZ1	Interleukin-1 family member 10	Homo sapiens	Encontrado	https://alphafold.ebi.ac.uk/entry/Q8WWZ1
IL1F10	missense_variant		926089865						Q8WWZ1	Interleukin-1 family member 10	Homo sapiens	Encontrado	https://alphafold.ebi.ac.uk/entry/Q8WWZ1
